AWinds.Maneuver_date = 20260408AWinds.RollOffsetRadians= 0.0174533;
AWinds.PitchOffsetRadians= -0.000825058;
AWinds.HeadOffsetRadians= -0.00140346;
AWinds.AttackFactor= 0.798309, -0.0220542 ;
AWinds.SideslipFactor= 0.78677, 0.00484824;
AWinds.PStaticOffset= -4.87414;
